CI for Terrain, OLS. m=5

172.68455952808415 166.9823665739157 178.3867524822526
-1002.6457287113853 -1065.990882505148 -939.3005749176226
-537.9046418231309 -601.2497955804848 -474.55948806577686
6290.204044267227 5985.81497499884 6594.593113535614
1664.6239241239596 1426.7899573005375 1902.4578909473817
1933.3742555393355 1628.985186524951 2237.76332455372
-14575.036926432553 -15257.15941033903 -13892.914442526075
-9344.009912538915 -9849.956224440242 -8838.063600637588
-314.2188647066432 -820.1651765620408 191.72744714875432
-3027.312919634842 -3709.435402935864 -2345.1904363338194
14942.37811372078 14230.70248758803 15654.05373985353
14813.652722962863 14269.782681611105 15357.52276431462
-606.5646377274625 -1112.8138682266815 -100.31540722824343
1785.2022065456538 1241.3321652630475 2329.07224782826
1714.541635285299 1002.866009741512 2426.2172608290857
-5818.07322057596 -6097.150803785195 -5538.995637366724
-5895.264087362277 -6138.097060389772 -5652.431114334781
-2102.3035698465287 -2339.248732599126 -1865.3584070939314
1529.2441895352877 1292.29902678577 1766.1893522848054
-1373.666750373127 -1616.4997233728516 -1130.8337773734022
-175.71058693442683 -454.78816994209683 103.36699607324317