Betas and confidence interval for Ridge (Franke) with the best lambda (=0.00148497) and p=7

	Beta 	      -           +
[[  0.48458722   0.47376645   0.495408  ]
 [  5.43617537   5.22291661   5.64943412]
 [  3.55168853   3.34463735   3.75873971]
 [-17.31583687 -19.11609586 -15.51557788]
 [ -7.2732406   -8.66706417  -5.87941702]
 [ -9.8294598  -11.64573047  -8.01318913]
 [ -0.43536418  -8.14668954   7.27596117]
 [ 10.63708858   4.75652321  16.51765394]
 [ 14.90598541   9.29058706  20.52138376]
 [ -3.9961174  -11.93551126   3.94327645]
 [ 34.3239274   16.04338271  52.6044721 ]
 [ -5.22114094 -19.20673528   8.76445341]
 [ 21.14936366   8.79086824  33.50785907]
 [-31.19910795 -44.49437421 -17.9038417 ]
 [ 22.09168134   3.18479121  40.99857147]
 [ -7.65024357 -31.87550413  16.575017  ]
 [ -1.25809913 -20.09823388  17.58203563]
 [-12.78038046 -29.28691232   3.7261514 ]
 [-10.67348054 -26.609408     5.26244691]
 [  6.31653488 -11.9335429   24.56661267]
 [ -1.21729313 -26.23814191  23.80355565]
 [-33.47634749 -50.27127088 -16.6814241 ]
 [ -4.62100889 -18.44195935   9.19994156]
 [ -7.62935047 -20.16476848   4.90606754]
 [ -3.490349   -14.78081596   7.80011795]
 [  8.10100616  -3.54328395  19.74529626]
 [ 19.02655962   5.41469729  32.63842195]
 [-19.81808781 -37.10824673  -2.5279289 ]
 [ 18.72869465  13.9845835   23.47280581]
 [  2.75414671  -1.62660028   7.1348937 ]
 [ 11.15225049   6.78868721  15.51581376]
 [  1.45005093  -2.52583163   5.42593349]
 [  4.94356236   1.01459125   8.87253348]
 [ -8.54830052 -12.53446331  -4.56213773]
 [ -7.39814161 -11.70891073  -3.08737249]
 [  8.95263173   4.09058573  13.81467773]]