Confidence interval Lasso, lambda 1.67683e-6, p=4

	Beta              -              +
[[ 0.00000000e+00 -1.27213388e-02  1.27213388e-02]
 [-8.56496641e-01 -9.53573827e-01 -7.59419455e-01]
 [-1.60367429e-01 -2.56898067e-01 -6.38367900e-02]
 [-1.26836840e-01 -4.38824660e-01  1.85150981e-01]
 [ 9.42260952e-01  6.94993568e-01  1.18952834e+00]
 [-1.94476030e+00 -2.25599118e+00 -1.63352942e+00]
 [ 2.88062317e-03 -4.22220481e-01  4.27981728e-01]
 [ 1.07244164e+00  7.44218181e-01  1.40066510e+00]
 [-5.85163537e-01 -9.09710675e-01 -2.60616399e-01]
 [ 1.82751578e-01 -2.41856988e-01  6.07360144e-01]
 [-1.49894281e-01 -3.54849011e-01  5.50604479e-02]
 [ 1.80560765e-01  1.65648633e-03  3.59465043e-01]
 [-7.85263494e-01 -9.63428307e-01 -6.07098681e-01]
 [ 1.83706703e-02 -1.59235242e-01  1.95976582e-01]
 [ 1.14627296e+00  9.41880394e-01  1.35066552e+00]]