Confidence intervals og Beta
Franke , p=5, with noise
OLS, without kfold

	Beta              -               +
[[ 2.25627027e-01  5.40545708e-02  3.97199483e-01]
 [ 8.95277514e+00  7.03868574e+00  1.08668645e+01]
 [ 5.31092519e+00  3.46700180e+00  7.15484857e+00]
 [-3.48787298e+01 -4.40765033e+01 -2.56809563e+01]
 [-1.92613038e+01 -2.61841136e+01 -1.23384939e+01]
 [-1.55444102e+01 -2.43510862e+01 -6.73773411e+00]
 [ 3.98238590e+01  1.92593058e+01  6.03884122e+01]
 [ 5.30916603e+01  3.82308142e+01  6.79525063e+01]
 [ 2.88645720e+01  1.44493925e+01  4.32797514e+01]
 [ 5.23582280e+00 -1.44519013e+01  2.49235469e+01]
 [-6.64752171e+00 -2.80084249e+01  1.47133815e+01]
 [-6.67295737e+01 -8.25672512e+01 -5.08918961e+01]
 [-4.76839798e+00 -1.92340566e+01  9.69726066e+00]
 [-4.27327267e+01 -5.82073352e+01 -2.72581181e+01]
 [ 1.80143470e+01 -2.51867237e+00  3.85473664e+01]
 [-7.40160365e+00 -1.57274486e+01  9.24241306e-01]
 [ 2.52534308e+01  1.82452175e+01  3.22616442e+01]
 [ 9.88971661e+00  2.97411931e+00  1.68053139e+01]
 [-6.75540985e+00 -1.33499509e+01 -1.60868781e-01]
 [ 2.30737010e+01  1.61984382e+01  2.99489639e+01]
 [-1.30216232e+01 -2.10707550e+01 -4.97249130e+00]]