Confidence interval for all models for the terrain dataset
----------------------------------------------------------------------
OLS
        Beta             -                + 
[[ 1.87870315e+02  1.78759365e+02  1.96981265e+02]
 [-2.86232409e+03 -3.08414115e+03 -2.64050702e+03]
 [-1.01118471e+03 -1.23300178e+03 -7.89367638e+02]
 [ 3.65788486e+04  3.41378316e+04  3.90198655e+04]
 [ 8.52461502e+03  6.60507034e+03  1.04441597e+04]
 [ 8.43956147e+03  5.99855141e+03  1.08805715e+04]
 [-1.96925336e+05 -2.10752359e+05 -1.83098312e+05]
 [-8.93592511e+04 -9.95439615e+04 -7.91745407e+04]
 [-4.21407741e+04 -5.23255176e+04 -3.19560306e+04]
 [-2.88696323e+04 -4.26965893e+04 -1.50426753e+04]
 [ 5.69196355e+05  5.24785135e+05  6.13607575e+05]
 [ 3.69930657e+05  3.38102159e+05  4.01759155e+05]
 [ 1.61539134e+05  1.31692894e+05  1.91385374e+05]
 [ 1.55472587e+05  1.23643985e+05  1.87301189e+05]
 [ 4.16851838e+04 -2.72579452e+03  8.60961621e+04]
 [-9.48750044e+05 -1.03287621e+06 -8.64623879e+05]
 [-7.43092180e+05 -8.03269862e+05 -6.82914498e+05]
 [-5.38261750e+05 -5.92778417e+05 -4.83745083e+05]
 [-1.85479825e+05 -2.39996640e+05 -1.30963011e+05]
 [-2.80832203e+05 -3.41009997e+05 -2.20654410e+05]
 [-1.29171481e+04 -9.70428715e+04  7.12085753e+04]
 [ 9.06521427e+05  8.13516200e+05  9.99526653e+05]
 [ 8.85561189e+05  8.17187547e+05  9.53934831e+05]
 [ 6.99318872e+05  6.38654823e+05  7.59982920e+05]
 [ 2.87308019e+05  2.28660458e+05  3.45955580e+05]
 [ 2.46050088e+05  1.85385840e+05  3.06714336e+05]
 [ 2.42212573e+05  1.73838904e+05  3.10586241e+05]
 [-3.56094940e+04 -1.28614286e+05  5.73952985e+04]
 [-4.59033581e+05 -5.14471669e+05 -4.03595494e+05]
 [-6.30438519e+05 -6.73848564e+05 -5.87028474e+05]
 [-2.23547009e+05 -2.62372756e+05 -1.84721263e+05]
 [-5.15211904e+05 -5.51916199e+05 -4.78507609e+05]
 [ 4.12043617e+04  4.50001316e+03  7.79087102e+04]
 [-1.80458578e+05 -2.19284421e+05 -1.41632734e+05]
 [-1.14524922e+05 -1.57934941e+05 -7.11149028e+04]
 [ 4.53345210e+04 -1.01033476e+04  1.00772390e+05]
 [ 9.52549085e+04  8.15029237e+04  1.09006893e+05]
 [ 1.99773881e+05  1.87850307e+05  2.11697456e+05]
 [-6.94061633e+04 -8.09741541e+04 -5.78381726e+04]
 [ 3.19771901e+05  3.08329765e+05  3.31214036e+05]
 [-1.52869157e+05 -1.64277464e+05 -1.41460850e+05]
 [ 1.26210811e+05  1.14768662e+05  1.37652961e+05]
 [-1.43426638e+04 -2.59106696e+04 -2.77465789e+03]
 [ 3.72409820e+04  2.53174191e+04  4.91645448e+04]
 [-1.72192008e+04 -3.09711408e+04 -3.46726074e+03]]
----------------------------------------
Ridge
        Beta             -                + 
[[ 1.55211638e+02  1.44473721e+02  1.65949554e+02]
 [-1.47695884e+03 -1.79860629e+03 -1.15531139e+03]
 [-5.68788853e+02 -8.90443058e+02 -2.47134647e+02]
 [ 1.85986113e+04  1.42209965e+04  2.29762260e+04]
 [-1.40098604e+01 -3.46232410e+03  3.43430438e+03]
 [ 5.24650236e+03  8.69020252e+02  9.62398446e+03]
 [-8.70591093e+04 -1.18098931e+05 -5.60192879e+04]
 [-2.32754127e+04 -4.61830037e+04 -3.67821628e+02]
 [-9.45258222e+03 -3.23617581e+04  1.34565937e+04]
 [-1.65879881e+04 -4.76253382e+04  1.44493620e+04]
 [ 1.96789691e+05  6.92862736e+04  3.24293109e+05]
 [ 1.06346258e+05  1.50393240e+04  1.97653191e+05]
 [ 1.80219615e+04 -6.77479364e+04  1.03791859e+05]
 [ 6.33665009e+04 -2.79470029e+04  1.54680005e+05]
 [ 1.85283084e+04 -1.08961082e+05  1.46017699e+05]
 [-2.00810603e+05 -5.20855237e+05  1.19234031e+05]
 [-1.45631778e+05 -3.72438852e+05  8.11752955e+04]
 [-1.40029735e+05 -3.46266360e+05  6.62068894e+04]
 [ 1.36491633e+04 -1.92599982e+05  2.19898309e+05]
 [-9.64544266e+04 -3.23272408e+05  1.30363555e+05]
 [ 7.84002911e+02 -3.19220988e+05  3.20788994e+05]
 [ 9.91702150e+03 -4.88057147e+05  5.07891190e+05]
 [ 5.33905634e+04 -3.02961980e+05  4.09743107e+05]
 [ 4.50406301e+04 -2.71846032e+05  3.61927292e+05]
 [ 6.76603684e+03 -3.00456612e+05  3.13988686e+05]
 [ 6.53414331e+03 -3.10375260e+05  3.23443546e+05]
 [ 1.35746816e+04 -3.42785870e+05  3.69935233e+05]
 [-1.65754326e+04 -5.14486654e+05  4.81335788e+05]
 [ 1.50757086e+05 -3.17589114e+05  6.19103285e+05]
 [ 1.38720248e+05 -2.08193684e+05  4.85634181e+05]
 [ 2.95674768e+05 -9.43863828e+03  6.00788174e+05]
 [-2.13524153e+05 -5.02753264e+05  7.57049574e+04]
 [ 2.41815788e+05 -4.74256548e+04  5.31057230e+05]
 [-3.09829455e+03 -3.08228441e+05  3.02031852e+05]
 [ 4.51287267e+04 -3.01785876e+05  3.92043329e+05]
 [ 1.06688384e+04 -4.57620136e+05  4.78957813e+05]
 [-1.06613418e+05 -3.50319830e+05  1.37092994e+05]
 [-2.77626109e+05 -4.69980085e+05 -8.52721326e+04]
 [-8.14265117e+04 -2.53685242e+05  9.08322191e+04]
 [-1.31900138e+05 -2.93163697e+05  2.93634207e+04]
 [-3.16515107e+04 -1.89295472e+05  1.25992451e+05]
 [-2.62552034e+04 -1.87526377e+05  1.35015971e+05]
 [-1.05526978e+05 -2.77791366e+05  6.67374097e+04]
 [-4.03224284e+03 -1.96383925e+05  1.88319439e+05]
 [ 5.63505927e+02 -2.43115015e+05  2.44242027e+05]
 [ 1.98440942e+04 -3.39814852e+04  7.36696736e+04]
 [ 1.50013839e+05  1.03365319e+05  1.96662359e+05]
 [-1.47303697e+05 -1.92525976e+05 -1.02081418e+05]
 [ 3.44949004e+05  3.00267721e+05  3.89630286e+05]
 [-3.04694826e+05 -3.49169580e+05 -2.60220073e+05]
 [ 2.50953881e+05  2.06478496e+05  2.95429266e+05]
 [-1.14604679e+05 -1.59287146e+05 -6.99222118e+04]
 [ 7.25624500e+04  2.73394327e+04  1.17785467e+05]
 [-9.88575241e+03 -5.65333884e+04  3.67618835e+04]
 [-2.12711467e+03 -5.59470292e+04  5.16927999e+04]]
----------------------------------------
Lasso
        Beta             -                + 
[[ 9.67334082e+01  8.53952201e+01  1.08071596e+02]
 [ 2.49950119e+02 -2.60917455e+01  5.25991983e+02]
 [-1.04319253e+02 -3.80361120e+02  1.71722613e+02]
 [-3.27275318e+02 -3.36501666e+03  2.71046602e+03]
 [-4.71149746e+02 -2.85994111e+03  1.91764161e+03]
 [ 3.07086414e+02 -2.73064633e+03  3.34481916e+03]
 [ 8.71397574e+00 -1.71984258e+04  1.72158537e+04]
 [-5.99831062e+02 -1.32742681e+04  1.20746060e+04]
 [ 3.11999774e+02 -1.23624785e+04  1.29864780e+04]
 [-3.00694536e+00 -1.72100643e+04  1.72040504e+04]
 [ 3.33336255e+02 -5.49345298e+04  5.56012023e+04]
 [ 5.60834456e+02 -3.90483719e+04  4.01700408e+04]
 [-9.67065982e+02 -3.81094367e+04  3.61753047e+04]
 [ 7.93897213e+02 -3.88154382e+04  4.04032327e+04]
 [-2.58158625e+02 -5.55257241e+04  5.50094068e+04]
 [ 1.23732643e+01 -1.04679046e+05  1.04703792e+05]
 [ 1.72379600e+03 -7.31647592e+04  7.66123512e+04]
 [-8.66798486e+02 -6.87104615e+04  6.69768645e+04]
 [-2.28827291e+02 -6.80726741e+04  6.76150195e+04]
 [ 3.88873512e+02 -7.44998199e+04  7.52775670e+04]
 [-2.07551371e+02 -1.04898421e+05  1.04483318e+05]
 [-3.15712204e+02 -1.16056744e+05  1.15425319e+05]
 [ 1.29748131e+03 -8.37905958e+04  8.63855584e+04]
 [ 0.00000000e+00 -7.54938171e+04  7.54938171e+04]
 [-6.48594475e+02 -7.36329787e+04  7.23357897e+04]
 [ 2.07514067e+02 -7.52865510e+04  7.57015791e+04]
 [ 3.47758024e+00 -8.50846321e+04  8.50915873e+04]
 [ 0.00000000e+00 -1.15740491e+05  1.15740491e+05]
 [-2.96076863e+02 -6.92864089e+04  6.86942552e+04]
 [-8.59812550e+01 -5.41079278e+04  5.39359653e+04]
 [ 7.45390590e+02 -4.75715922e+04  4.90623734e+04]
 [-5.59872066e+02 -4.62367992e+04  4.51170550e+04]
 [-3.63168094e+01 -4.57133107e+04  4.56406771e+04]
 [ 3.59510313e+02 -4.79575931e+04  4.86766137e+04]
 [-2.94747496e+02 -5.43166622e+04  5.37271672e+04]
 [ 0.00000000e+00 -6.89900594e+04  6.89900594e+04]
 [ 3.19380919e+02 -1.67943767e+04  1.74331385e+04]
 [-2.37670560e+03 -1.72150851e+04  1.24616739e+04]
 [ 1.39231305e+03 -1.30035573e+04  1.57881834e+04]
 [-4.63954137e+02 -1.47032030e+04  1.37752947e+04]
 [-7.12830578e+02 -1.49099818e+04  1.34843207e+04]
 [ 1.14767441e+02 -1.41244994e+04  1.43540343e+04]
 [ 1.27967451e+03 -1.31162147e+04  1.56755637e+04]
 [-8.97488206e+02 -1.57358528e+04  1.39408764e+04]
 [ 2.95999399e+02 -1.68177025e+04  1.74097013e+04]]
