Confidence interval Franke | Ridge:
172.68455952808415 166.9823665739157 178.3867524822526
-1002.6457287113853 -1065.990882505148 -939.3005749176226
-537.9046418231309 -601.2497955804848 -474.55948806577686
6290.204044267227 5985.81497499884 6594.593113535614
1664.6239241239596 1426.7899573005375 1902.4578909473817
1933.3742555393355 1628.985186524951 2237.76332455372
-14575.036926432553 -15257.15941033903 -13892.914442526075
-9344.009912538915 -9849.956224440242 -8838.063600637588
-314.2188647066432 -820.1651765620408 191.72744714875432
-3027.312919634842 -3709.435402935864 -2345.1904363338194
14942.37811372078 14230.70248758803 15654.05373985353
14813.652722962863 14269.782681611105 15357.52276431462
-606.5646377274625 -1112.8138682266815 -100.31540722824343
1785.2022065456538 1241.3321652630475 2329.07224782826
1714.541635285299 1002.866009741512 2426.2172608290857
-5818.07322057596 -6097.150803785195 -5538.995637366724
-5895.264087362277 -6138.097060389772 -5652.431114334781
-2102.3035698465287 -2339.248732599126 -1865.3584070939314
1529.2441895352877 1292.29902678577 1766.1893522848054
-1373.666750373127 -1616.4997233728516 -1130.8337773734022
-175.71058693442683 -454.78816994209683 103.36699607324317



Confidence interval Terrain | Ridge:
155.2116375545727 144.47372125566932 165.94955385347606
-1476.958836264601 -1798.6062874090828 -1155.311385120119
-568.7888525442337 -890.4430580369808 -247.13464705148658
18598.611252798986 14220.996541070617 22976.225964527355
-14.009860431555182 -3462.3241006029434 3434.3043797398327
5246.502358089449 869.0202521655538 9623.984464013345
-87059.10933409237 -118098.93072904754 -56019.2879391372
-23275.412685348536 -46183.0037424772 -367.8216282198664
-9452.582223974518 -32361.758122554307 13456.593674605272
-16587.988099945338 -47625.33820826019 14449.362008369513
196789.69114283397 69286.27360294842 324293.1086827195
106346.25774769695 15039.324026648319 197653.1914687456
18021.9615441692 -67747.93637973384 103791.85946807225
63366.50086350517 -27947.002928302063 154680.0046553124
18528.30843390705 -108961.08163614807 146017.69850396216
-200810.6030668818 -520855.23713620764 119234.03100244407
-145631.7782390757 -372438.85201579914 81175.2955376477
-140029.73509717433 -346266.3596421437 66206.88944779502
13649.16327259595 -192599.98245396046 219898.30899915233
-96454.42659728054 -323272.407771068 130363.5545765069
784.0029106486472 -319220.9877656665 320788.9935869638
9917.021502647316 -488057.1466804599 507891.18968575454
53390.56343664952 -302961.9797659723 409743.1066392713
45040.630127526165 -271846.03205145645 361927.2923065088
6766.036843380825 -300456.6120511273 313988.68573788897
6534.143306395592 -310375.25964887976 323443.5462616709
13574.681555556337 -342785.869639348 369935.2327504606
-16575.43259642808 -514486.6536229216 481335.78843006544
150757.08568377735 -317589.1137098306 619103.2850773854
138720.24833069518 -208193.68395747073 485634.1806188611
295674.76786487084 -9438.638276075071 600788.1740058167
-213524.15331730395 -502753.26405724406 75704.95742263613
241815.78756217097 -47425.65482871796 531057.2299530599
-3098.2945538784334 -308228.44096350885 302031.851855752
45128.72667535818 -301785.875532659 392043.3288833754
10668.838422570378 -457620.136033514 478957.81287865475
-106613.4178071291 -350319.8296485563 137092.99403429814
-277626.1085896853 -469980.0846253162 -85272.1325540544
-81426.51166610207 -253685.24239414267 90832.21906193852
-131900.13835944934 -293163.69738827075 29363.420669372077
-31651.51066688713 -189295.4719384147 125992.45060464044
-26255.20341084934 -187526.3773470184 135015.97052531975
-105526.97830784415 -277791.366273075 66737.40965738667
-4032.2428382065555 -196383.92481410597 188319.43913769285
563.5059273838415 -243115.01530421322 244242.0271589809
19844.094160773864 -33981.48522890972 73669.67355045745
150013.83904975042 103365.31906849303 196662.3590310078
-147303.697100139 -192525.9761760285 -102081.4180242495
344949.00357050356 300267.7214686969 389630.2856723102
-304694.82640523784 -349169.5801473427 -260220.07266313297
250953.88083309538 206478.49602300394 295429.2656431868
-114604.67900844602 -159287.14622639946 -69922.21179049257
72562.44997589468 27339.43265805683 117785.46729373252
-9885.752413600698 -56533.38835186744 36761.883524666046
-2127.114665200548 -55947.02922894106 51692.79989853996