Confidence interval Lasso, lambda 1.67683e-6, p=4


0.0 -0.012721338814949704 0.012721338814949704
-0.8564966410502572 -0.9535738272957329 -0.7594194548047816
-0.1603674286299566 -0.25689806727829806 -0.06383678998161514
-0.12683683976827603 -0.43882466045951 0.18515098092295795
0.9422609520721713 0.6949935675699948 1.1895283365743479
-1.9447603006201515 -2.255991183142607 -1.6335294180976958
0.0028806231658893783 -0.42222048125637196 0.42798172758815073
1.0724416385460336 0.7442181810330746 1.4006650960589926
-0.5851635370740743 -0.909710675122218 -0.2606163990259306
0.18275157780677764 -0.241856988398075 0.6073601440116303
-0.1498942814321571 -0.35484901075664976 0.05506044789233558
0.18056076486871317 0.0016564863342205804 0.35946504340320573
-0.7852634939027556 -0.9634283065964215 -0.6070986812090897
0.018370670253656757 -0.1592352415529108 0.19597658206022434
1.1462729582466085 0.9418803935016323 1.3506655229915845