Confidence intervals og Beta
Franke , p=5, with noise
OLS

0.22562702690656722 0.05405457078999709 0.39719948302313735
8.952775143655488 7.038685739460011 10.866864547850966
5.3109251884591195 3.467001802801409 7.15484857411683
-34.87872978169537 -44.07650330294112 -25.68095626044962
-19.261303752778055 -26.1841136270614 -12.33849387849471
-15.544410152139887 -24.351086191531735 -6.737734112748042
39.82385901831652 19.259305847740034 60.388412188893
53.09166026614668 38.23081421905564 67.95250631323772
28.864571962979028 14.449392510874523 43.27975141508353
5.235822795574521 -14.451901302611201 24.923546893760243
-6.64752170991676 -28.008424907233653 14.713381487400135
-66.72957366838033 -82.56725121718155 -50.8918961195791
-4.768397976359083 -19.234056611935586 9.697260659217422
-42.73272666124816 -58.20733524734224 -27.258118075154076
18.014347023957157 -2.518672370970652 38.54736641888496
-7.401603653279279 -15.727448612608002 0.9242413060494439
25.25343081547662 18.245217465635683 32.261644165317556
9.889716608831424 2.9741193052209125 16.805313912441935
-6.755409850219844 -13.349950919867107 -0.16086878057258147
23.073701020198012 16.198438177708592 29.94896386268743
-13.02162317110919 -21.07075504037706 -4.972491301841325