Betas and confidence interval for Ridge (Franke) with the best lambda (=0.00148497) and p=7


0.48458722454225395 0.4737664482254565 0.4954080008590514
5.4361753656651235 5.222916613624759 5.649434117705488
3.55168852808832 3.344637347537485 3.758739708639155
-17.31583687056895 -19.116095856142636 -15.515577884995265
-7.273240599286351 -8.667064174350543 -5.8794170242221595
-9.829459800548994 -11.645730472328244 -8.013189128769744
-0.4353641831786561 -8.14668953779551 7.275961171438197
10.637088575780663 4.756523209557525 16.5176539420038
14.90598541255909 9.290587062231506 20.521383762886675
-3.996117403143593 -11.935511260807996 3.9432764545208085
34.323927400701315 16.043382705207893 52.60447209619474
-5.221140935334569 -19.206735282834835 8.764453412165695
21.149363655769186 8.790868239454214 33.50785907208416
-31.1991079549741 -44.49437420830985 -17.90384170163835
22.091681341773327 3.184791214946326 40.99857146860033
-7.650243565479771 -31.87550413014651 16.57501699918697
-1.2580991274638738 -20.098233881636276 17.582035626708524
-12.780380458885485 -29.28691232053417 3.7261514027632003
-10.673480543541112 -26.609408000811314 5.262446913729091
6.316534884716463 -11.93354290054185 24.566612669974774
-1.2172931298542657 -26.238141910724448 23.803555651015916
-33.47634748818855 -50.27127088037483 -16.681424096002278
-4.621008892903101 -18.4419593481386 9.199941562332398
-7.629350467210878 -20.164768477941898 4.906067543520144
-3.490349002894521 -14.780815957354818 7.800117951565777
8.10100615616112 -3.5432839459922914 19.745296258314532
19.026559619275908 5.414697287584696 32.63842195096712
-19.818087811706597 -37.10824672627923 -2.5279288971339646
18.728694652708565 13.98458349817095 23.472805807246182
2.754146711078578 -1.6266002808455422 7.134893703002698
11.152250486914816 6.788687213674 15.515813760155634
1.4500509295581718 -2.5258316319285714 5.4259334910449155
4.943562362639853 1.0145912464790383 8.87253347880067
-8.548300519695417 -12.534463306378825 -4.562137733012008
-7.3981416063031 -11.708910727193711 -3.087372485412489
8.952631728825727 4.090585731509824 13.81467772614163